200
67 141 3 16384 2.0
160 115 3 16384 2.0
230 129 3 16384 2.0
232 103 3 16384 2.0
40 205 3 16384 2.0
164 30 3 16384 2.0
88 7 3 16384 2.0
243 13 3 16384 2.0
112 26 3 16384 2.0
77 212 3 16384 2.0
219 37 3 16384 2.0
222 51 3 16384 2.0
183 1 3 16384 2.0
31 206 3 16384 2.0
13 216 3 16384 2.0
49 146 3 16384 2.0
130 76 3 16384 2.0
1 72 3 16384 2.0
84 181 3 16384 2.0
189 40 3 16384 2.0
190 28 3 16384 2.0
136 12 3 16384 2.0
74 234 3 16384 2.0
167 203 3 16384 2.0
75 178 3 40960 2.0
60 254 3 40960 2.0
92 224 3 40960 2.0
58 222 3 40960 2.0
154 19 3 40960 2.0
148 216 3 40960 2.0
137 15 3 40960 2.0
70 241 3 40960 2.0
217 49 3 40960 2.0
53 3 3 40960 2.0
153 21 3 40960 2.0
89 162 3 40960 2.0
10 255 3 40960 2.0
27 184 3 40960 2.0
142 45 3 40960 2.0
150 233 3 40960 2.0
235 98 3 40960 2.0
32 116 3 40960 2.0
196 68 3 40960 2.0
35 255 3 40960 2.0
166 46 3 40960 2.0
205 67 3 40960 2.0
103 232 3 40960 2.0
195 61 3 40960 2.0
104 176 3 204800 2.0
62 109 3 204800 2.0
98 197 3 204800 2.0
225 56 3 204800 2.0
116 234 3 204800 2.0
0 124 3 204800 2.0
15 232 3 204800 2.0
11 189 3 204800 2.0
244 19 3 204800 2.0
110 20 3 204800 2.0
99 174 3 204800 2.0
42 249 3 204800 2.0
231 75 3 204800 2.0
227 3 3 204800 2.0
163 40 3 204800 2.0
106 251 3 204800 2.0
57 252 3 204800 2.0
79 221 3 204800 2.0
213 4 3 204800 2.0
86 212 3 204800 2.0
87 0 3 204800 2.0
214 109 3 204800 2.0
4 167 3 204800 2.0
248 97 3 204800 2.0
203 2 3 614400 2.0
14 131 3 614400 2.0
216 103 3 614400 2.0
47 136 3 614400 2.0
91 191 3 614400 2.0
210 123 3 614400 2.0
200 111 3 614400 2.0
50 190 3 614400 2.0
233 172 3 614400 2.0
194 64 3 614400 2.0
199 33 3 614400 2.0
151 250 3 614400 2.0
19 13 3 614400 2.0
191 68 3 614400 2.0
204 135 3 614400 2.0
172 241 3 614400 2.0
16 245 3 614400 2.0
44 206 3 614400 2.0
64 174 3 614400 2.0
170 70 3 614400 2.0
123 134 3 614400 2.0
28 209 3 614400 2.0
165 22 3 614400 2.0
177 16 3 614400 2.0
226 155 3 1024000 2.0
37 111 3 1024000 2.0
124 253 3 1024000 2.0
145 92 3 1024000 2.0
133 234 3 1024000 2.0
2 128 3 1024000 2.0
33 148 3 1024000 2.0
6 225 3 1024000 2.0
211 40 3 1024000 2.0
221 57 3 1024000 2.0
134 4 3 1024000 2.0
38 187 3 1024000 2.0
251 140 3 1024000 2.0
30 249 3 1024000 2.0
144 33 3 1024000 2.0
72 188 3 1024000 2.0
20 250 3 1024000 2.0
173 221 3 1024000 2.0
174 19 3 1024000 2.0
212 5 3 1024000 2.0
187 159 3 1024000 2.0
236 52 3 1024000 2.0
215 31 3 1024000 2.0
46 181 3 1024000 2.0
54 189 3 2048000 2.0
192 14 3 2048000 2.0
201 103 3 2048000 2.0
113 30 3 2048000 2.0
140 102 3 2048000 2.0
185 111 3 2048000 2.0
96 6 3 2048000 2.0
176 63 3 2048000 2.0
107 22 3 2048000 2.0
115 45 3 2048000 2.0
129 250 3 2048000 2.0
152 201 3 2048000 2.0
175 89 3 2048000 2.0
207 156 3 2048000 2.0
247 191 3 5120000 2.0
241 33 3 5120000 2.0
83 217 3 5120000 2.0
202 185 3 5120000 2.0
59 130 3 5120000 2.0
184 4 3 5120000 2.0
5 66 3 5120000 2.0
25 255 3 5120000 2.0
45 1 3 5120000 2.0
240 24 3 5120000 2.0
198 117 3 5120000 2.0
26 123 3 5120000 2.0
52 255 3 5120000 2.0
114 244 3 5120000 2.0
220 141 3 12288000 2.0
94 132 3 12288000 2.0
179 254 3 12288000 2.0
43 220 3 12288000 2.0
239 46 3 12288000 2.0
224 55 3 12288000 2.0
102 247 3 12288000 2.0
48 154 3 12288000 2.0
68 213 3 12288000 2.0
65 94 3 12288000 2.0
245 121 3 12288000 2.0
29 184 3 12288000 2.0
193 21 3 12288000 2.0
9 62 3 12288000 2.0
197 18 3 25600000 2.0
135 41 3 25600000 2.0
78 196 3 25600000 2.0
149 48 3 25600000 2.0
169 239 3 25600000 2.0
76 118 3 25600000 2.0
3 153 3 25600000 2.0
156 53 3 25600000 2.0
34 252 3 25600000 2.0
237 4 3 25600000 2.0
21 118 3 25600000 2.0
158 22 3 25600000 2.0
126 193 3 25600000 2.0
223 128 3 25600000 2.0
157 47 3 43008000 2.0
121 243 3 43008000 2.0
24 196 3 43008000 2.0
188 19 3 43008000 2.0
61 251 3 43008000 2.0
228 90 3 43008000 2.0
119 107 3 43008000 2.0
100 44 3 43008000 2.0
85 14 3 43008000 2.0
180 44 3 43008000 2.0
41 31 3 43008000 2.0
17 191 3 43008000 2.0
168 223 3 43008000 2.0
209 69 3 43008000 2.0
238 134 3 128000000 2.0
105 8 3 128000000 2.0
93 196 3 128000000 2.0
208 7 3 128000000 2.0
8 89 3 128000000 2.0
118 47 3 128000000 2.0
246 9 3 128000000 2.0
120 204 3 128000000 2.0
82 232 3 128000000 2.0
234 17 3 128000000 2.0