240
3 23 3 83886080 2.0
3 41 3 83886080 2.0
3 59 3 83886080 2.0
3 78 3 83886080 2.0
3 82 3 83886080 2.0
3 98 3 83886080 2.0
3 125 3 83886080 2.0
3 137 3 83886080 2.0
3 155 3 83886080 2.0
3 161 3 83886080 2.0
3 189 3 83886080 2.0
3 207 3 83886080 2.0
3 216 3 83886080 2.0
3 228 3 83886080 2.0
3 251 3 83886080 2.0
23 3 3 83886080 2.0
23 41 3 83886080 2.0
23 59 3 83886080 2.0
23 78 3 83886080 2.0
23 82 3 83886080 2.0
23 98 3 83886080 2.0
23 125 3 83886080 2.0
23 137 3 83886080 2.0
23 155 3 83886080 2.0
23 161 3 83886080 2.0
23 189 3 83886080 2.0
23 207 3 83886080 2.0
23 216 3 83886080 2.0
23 228 3 83886080 2.0
23 251 3 83886080 2.0
41 3 3 83886080 2.0
41 23 3 83886080 2.0
41 59 3 83886080 2.0
41 78 3 83886080 2.0
41 82 3 83886080 2.0
41 98 3 83886080 2.0
41 125 3 83886080 2.0
41 137 3 83886080 2.0
41 155 3 83886080 2.0
41 161 3 83886080 2.0
41 189 3 83886080 2.0
41 207 3 83886080 2.0
41 216 3 83886080 2.0
41 228 3 83886080 2.0
41 251 3 83886080 2.0
59 3 3 83886080 2.0
59 23 3 83886080 2.0
59 41 3 83886080 2.0
59 78 3 83886080 2.0
59 82 3 83886080 2.0
59 98 3 83886080 2.0
59 125 3 83886080 2.0
59 137 3 83886080 2.0
59 155 3 83886080 2.0
59 161 3 83886080 2.0
59 189 3 83886080 2.0
59 207 3 83886080 2.0
59 216 3 83886080 2.0
59 228 3 83886080 2.0
59 251 3 83886080 2.0
78 3 3 83886080 2.0
78 23 3 83886080 2.0
78 41 3 83886080 2.0
78 59 3 83886080 2.0
78 82 3 83886080 2.0
78 98 3 83886080 2.0
78 125 3 83886080 2.0
78 137 3 83886080 2.0
78 155 3 83886080 2.0
78 161 3 83886080 2.0
78 189 3 83886080 2.0
78 207 3 83886080 2.0
78 216 3 83886080 2.0
78 228 3 83886080 2.0
78 251 3 83886080 2.0
82 3 3 83886080 2.0
82 23 3 83886080 2.0
82 41 3 83886080 2.0
82 59 3 83886080 2.0
82 78 3 83886080 2.0
82 98 3 83886080 2.0
82 125 3 83886080 2.0
82 137 3 83886080 2.0
82 155 3 83886080 2.0
82 161 3 83886080 2.0
82 189 3 83886080 2.0
82 207 3 83886080 2.0
82 216 3 83886080 2.0
82 228 3 83886080 2.0
82 251 3 83886080 2.0
98 3 3 83886080 2.0
98 23 3 83886080 2.0
98 41 3 83886080 2.0
98 59 3 83886080 2.0
98 78 3 83886080 2.0
98 82 3 83886080 2.0
98 125 3 83886080 2.0
98 137 3 83886080 2.0
98 155 3 83886080 2.0
98 161 3 83886080 2.0
98 189 3 83886080 2.0
98 207 3 83886080 2.0
98 216 3 83886080 2.0
98 228 3 83886080 2.0
98 251 3 83886080 2.0
125 3 3 83886080 2.0
125 23 3 83886080 2.0
125 41 3 83886080 2.0
125 59 3 83886080 2.0
125 78 3 83886080 2.0
125 82 3 83886080 2.0
125 98 3 83886080 2.0
125 137 3 83886080 2.0
125 155 3 83886080 2.0
125 161 3 83886080 2.0
125 189 3 83886080 2.0
125 207 3 83886080 2.0
125 216 3 83886080 2.0
125 228 3 83886080 2.0
125 251 3 83886080 2.0
137 3 3 83886080 2.0
137 23 3 83886080 2.0
137 41 3 83886080 2.0
137 59 3 83886080 2.0
137 78 3 83886080 2.0
137 82 3 83886080 2.0
137 98 3 83886080 2.0
137 125 3 83886080 2.0
137 155 3 83886080 2.0
137 161 3 83886080 2.0
137 189 3 83886080 2.0
137 207 3 83886080 2.0
137 216 3 83886080 2.0
137 228 3 83886080 2.0
137 251 3 83886080 2.0
155 3 3 83886080 2.0
155 23 3 83886080 2.0
155 41 3 83886080 2.0
155 59 3 83886080 2.0
155 78 3 83886080 2.0
155 82 3 83886080 2.0
155 98 3 83886080 2.0
155 125 3 83886080 2.0
155 137 3 83886080 2.0
155 161 3 83886080 2.0
155 189 3 83886080 2.0
155 207 3 83886080 2.0
155 216 3 83886080 2.0
155 228 3 83886080 2.0
155 251 3 83886080 2.0
161 3 3 83886080 2.0
161 23 3 83886080 2.0
161 41 3 83886080 2.0
161 59 3 83886080 2.0
161 78 3 83886080 2.0
161 82 3 83886080 2.0
161 98 3 83886080 2.0
161 125 3 83886080 2.0
161 137 3 83886080 2.0
161 155 3 83886080 2.0
161 189 3 83886080 2.0
161 207 3 83886080 2.0
161 216 3 83886080 2.0
161 228 3 83886080 2.0
161 251 3 83886080 2.0
189 3 3 83886080 2.0
189 23 3 83886080 2.0
189 41 3 83886080 2.0
189 59 3 83886080 2.0
189 78 3 83886080 2.0
189 82 3 83886080 2.0
189 98 3 83886080 2.0
189 125 3 83886080 2.0
189 137 3 83886080 2.0
189 155 3 83886080 2.0
189 161 3 83886080 2.0
189 207 3 83886080 2.0
189 216 3 83886080 2.0
189 228 3 83886080 2.0
189 251 3 83886080 2.0
207 3 3 83886080 2.0
207 23 3 83886080 2.0
207 41 3 83886080 2.0
207 59 3 83886080 2.0
207 78 3 83886080 2.0
207 82 3 83886080 2.0
207 98 3 83886080 2.0
207 125 3 83886080 2.0
207 137 3 83886080 2.0
207 155 3 83886080 2.0
207 161 3 83886080 2.0
207 189 3 83886080 2.0
207 216 3 83886080 2.0
207 228 3 83886080 2.0
207 251 3 83886080 2.0
216 3 3 83886080 2.0
216 23 3 83886080 2.0
216 41 3 83886080 2.0
216 59 3 83886080 2.0
216 78 3 83886080 2.0
216 82 3 83886080 2.0
216 98 3 83886080 2.0
216 125 3 83886080 2.0
216 137 3 83886080 2.0
216 155 3 83886080 2.0
216 161 3 83886080 2.0
216 189 3 83886080 2.0
216 207 3 83886080 2.0
216 228 3 83886080 2.0
216 251 3 83886080 2.0
228 3 3 83886080 2.0
228 23 3 83886080 2.0
228 41 3 83886080 2.0
228 59 3 83886080 2.0
228 78 3 83886080 2.0
228 82 3 83886080 2.0
228 98 3 83886080 2.0
228 125 3 83886080 2.0
228 137 3 83886080 2.0
228 155 3 83886080 2.0
228 161 3 83886080 2.0
228 189 3 83886080 2.0
228 207 3 83886080 2.0
228 216 3 83886080 2.0
228 251 3 83886080 2.0
251 3 3 83886080 2.0
251 23 3 83886080 2.0
251 41 3 83886080 2.0
251 59 3 83886080 2.0
251 78 3 83886080 2.0
251 82 3 83886080 2.0
251 98 3 83886080 2.0
251 125 3 83886080 2.0
251 137 3 83886080 2.0
251 155 3 83886080 2.0
251 161 3 83886080 2.0
251 189 3 83886080 2.0
251 207 3 83886080 2.0
251 216 3 83886080 2.0
251 228 3 83886080 2.0
